# GIMP colorrc
# 
# This file holds a list of recently used colors.

(color-history
    (color-rgba 0.015686275437474251 0.023529414087533951 0.027450982481241226 1)
    (color-rgba 0.25490197539329529 0.43137258291244507 0.48235297203063965 1)
    (color-rgba 0.57647061347961426 0.87450987100601196 1 1)
    (color-rgba 0 0 0 1)
    (color-rgba 0.0039215686274509803 0.0039215686274509803 0.0039215686274509803 1)
    (color-rgba 0.89803921568627454 0.89803921568627454 0.89803921568627454 1)
    (color-rgba 1 1 1 1)
    (color-rgba 0 0 0 4.6360650147368073e-310)
    (color-rgba 0.22033898305084754 1 0 1)
    (color-rgba 0.11764705882352941 0.10980392156862745 0.12549019607843137 1)
    (color-rgba 0.80508474576271183 0 0 1)
    (color-rgba 0.066666670143604279 0.027450982481241226 0.023529414087533951 1)
    (color-rgba 0.26666668057441711 0.031372550874948502 0.11764706671237946 1)
    (color-rgba 0.047058828175067902 0.031372550874948502 0.031372550874948502 1)
    (color-rgba 0.12549019607843137 0.11764705882352941 0.11764705882352941 1)
    (color-rgba 0.85098046064376831 0 0 1)
    (color-rgba 0.49411767721176147 0.49411767721176147 0.49411767721176147 1)
    (color-rgba 0.85185185185185186 0 0 1)
    (color-rgba 0.29803922772407532 0.29803922772407532 0.29803922772407532 1)
    (color-rgba 0.96862745098039216 0.87058823529411766 0.95686274509803926 4.6551344265599047e-310)
    (color-rgba 0.31454982904900597 0.73636752432856056 0.86792452830188682 1)
    (color-rgba 1 1 1 4.6663864120431995e-310)
    (color-rgba 0.96862745098039216 0.87058823529411766 0.95686274509803926 1)
    (color-rgba 0.96862745098039216 0.87058823529411766 0.95294117647058818 1)
    (color-rgba 0.13641446828842163 0.19522392749786377 0.19120883941650391 1)
    (color-rgba 0.08926866203546524 0.15993458032608032 0.1639159619808197 1)
    (color-rgba 0.72056615352630615 0.08613894134759903 0.087701596319675446 1)
    (color-rgba 0.16776207089424133 0.22268769145011902 0.22266542911529541 1)
    (color-rgba 0.023529411764705882 0 0.10980392156862745 1)
    (color-rgba 0.019014734774827957 0 0.1061900332570076 1)
    (color-rgba 0.023529411764705882 0 0 1)
    (color-rgba 0.91764705882352937 0.32941176470588235 0.12941176470588237 1)
    (color-rgba 0.97254901960784312 0.97647058823529409 0 1)
    (color-rgba 0.97254901960784312 0.97647058823529409 0 6.9530811095319396e-310)
    (color-rgba 0 0.55882352941176494 1 1)
    (color-rgba 0.10196078431372549 0.10196078431372549 0.10196078431372549 1)
    (color-rgba 0.52549019607843139 0.74509803921568629 0.2627450980392157 1)
    (color-rgba 0.28235294117647058 0.72549019607843135 0.7803921568627451 1)
    (color-rgba 1 0 0 1)
    (color-rgba 0.67647058823529438 0 1 1)
    (color-rgba 0.02166064981949456 0.0015991083759358401 0.0015991083759358401 1)
    (color-rgba 0.87058800000000003 0.32549 0.27843099999999998 1)
    (color-rgba 0 0.47058823529411764 1 1)
    (color-rgba 0.17647099999999999 0.78039199999999997 0.99215699999999996 0)
    (color-rgba 0.73725499999999999 0.24313699999999999 0.16470599999999999 1)
    (color-rgba 0.20000000000000001 0.20000000000000001 0.20000000000000001 1)
    (color-rgba 0.129412 0.45882400000000001 0.60784300000000002 1)
    (color-rgba 0.78039199999999997 0.403922 0.40784300000000001 1)
    (color-rgba 1 1 1 1)
    (color-rgba 1 1 1 1))

# end of colorrc
